"0",""
"0","p_bites.predict <- ggarrange(p_bites.shark.predict, p_bites.meso.predict)"
